{
	"airways": [
		{
			"id": "KEWR.11.Arr",
			"coords": [
				[
					-74.3997586,
					40.717341,
					1000
				],
				[
					-74.180748,
					40.702815,
					0
				],
				[
					-74.156502,
					40.701203,
					0
				]
			],
			"color": "#0000FF"
		},
		{
			"id": "KEWR.11.Dep",
			"coords": [
				[
					-74.180748,
					40.702815,
					0
				],
				[
					-74.156502,
					40.701203,
					0
				],
				[
					-73.9374967,
					40.686677,
					1000
				]
			],
			"color": "#FF0000"
		},
		{
			"id": "KEWR.29.Arr",
			"coords": [
				[
					-73.9374967,
					40.686677,
					1000
				],
				[
					-74.156502,
					40.701203,
					0
				],
				[
					-74.180748,
					40.702815,
					0
				]
			],
			"color": "#0000FF"
		},
		{
			"id": "KEWR.29.Dep",
			"coords": [
				[
					-74.156502,
					40.701203,
					0
				],
				[
					-74.180748,
					40.702815,
					0
				],
				[
					-74.3997586,
					40.717341,
					1000
				]
			],
			"color": "#FF0000"
		},
		{
			"id": "KEWR.4L.Arr",
			"coords": [
				[
					-74.275791,
					40.525593,
					1000
				],
				[
					-74.179456,
					40.675392,
					0
				],
				[
					-74.16217,
					40.70257,
					0
				]
			],
			"color": "#0000FF"
		},
		{
			"id": "KEWR.4L.Dep",
			"coords": [
				[
					-74.179456,
					40.675392,
					0
				],
				[
					-74.16217,
					40.70257,
					0
				],
				[
					-74.0657957,
					40.852369,
					1000
				]
			],
			"color": "#FF0000"
		},
		{
			"id": "KEWR.22R.Arr",
			"coords": [
				[
					-74.0657957,
					40.852369,
					1000
				],
				[
					-74.16217,
					40.70257,
					0
				],
				[
					-74.179456,
					40.675392,
					0
				]
			],
			"color": "#0000FF"
		},
		{
			"id": "KEWR.22R.Dep",
			"coords": [
				[
					-74.16217,
					40.70257,
					0
				],
				[
					-74.179456,
					40.675392,
					0
				],
				[
					-74.275791,
					40.525593,
					1000
				]
			],
			"color": "#FF0000"
		},
		{
			"id": "KEWR.4R.Arr",
			"coords": [
				[
					-74.2705912,
					40.527789,
					1000
				],
				[
					-74.174253,
					40.677588,
					0
				],
				[
					-74.158539,
					40.702299,
					0
				]
			],
			"color": "#0000FF"
		},
		{
			"id": "KEWR.4R.Dep",
			"coords": [
				[
					-74.174253,
					40.677588,
					0
				],
				[
					-74.158539,
					40.702299,
					0
				],
				[
					-74.0621651,
					40.852098,
					1000
				]
			],
			"color": "#FF0000"
		},
		{
			"id": "KEWR.22L.Arr",
			"coords": [
				[
					-74.0621651,
					40.852098,
					1000
				],
				[
					-74.158539,
					40.702299,
					0
				],
				[
					-74.174253,
					40.677588,
					0
				]
			],
			"color": "#0000FF"
		},
		{
			"id": "KEWR.22L.Dep",
			"coords": [
				[
					-74.158539,
					40.702299,
					0
				],
				[
					-74.174253,
					40.677588,
					0
				],
				[
					-74.2705912,
					40.527789,
					1000
				]
			],
			"color": "#FF0000"
		},
		{
			"id": "KJFK.04L.Arr",
			"coords": [
				[
					-73.8986916,
					40.4791408,
					1000
				],
				[
					-73.785599,
					40.622002,
					0
				],
				[
					-73.764702,
					40.6488,
					0
				]
			],
			"color": "#0000FF"
		},
		{
			"id": "KJFK.04L.Dep",
			"coords": [
				[
					-73.785599,
					40.622002,
					0
				],
				[
					-73.764702,
					40.6488,
					0
				],
				[
					-73.651564,
					40.7916612,
					1000
				]
			],
			"color": "#FF0000"
		},
		{
			"id": "KJFK.22R.Arr",
			"coords": [
				[
					-73.651564,
					40.7916612,
					1000
				],
				[
					-73.764702,
					40.6488,
					0
				],
				[
					-73.785599,
					40.622002,
					0
				]
			],
			"color": "#0000FF"
		},
		{
			"id": "KJFK.22R.Dep",
			"coords": [
				[
					-73.764702,
					40.6488,
					0
				],
				[
					-73.785599,
					40.622002,
					0
				],
				[
					-73.8986916,
					40.4791408,
					1000
				]
			],
			"color": "#FF0000"
		},
		{
			"id": "KJFK.04R.Arr",
			"coords": [
				[
					-73.8820833,
					40.4819435,
					1000
				],
				[
					-73.77030181884766,
					40.62540054321289,
					0
				],
				[
					-73.75489807128906,
					40.645198822021484,
					0
				]
			],
			"color": "#0000FF"
		},
		{
			"id": "KJFK.04R.Dep",
			"coords": [
				[
					-73.77030181884766,
					40.62540054321289,
					0
				],
				[
					-73.75489807128906,
					40.645198822021484,
					0
				],
				[
					-73.6430834,
					40.7886558,
					1000
				]
			],
			"color": "#FF0000"
		},
		{
			"id": "KJFK.22L.Arr",
			"coords": [
				[
					-73.6430834,
					40.7886558,
					1000
				],
				[
					-73.75489807128906,
					40.645198822021484,
					0
				],
				[
					-73.77030181884766,
					40.62540054321289,
					0
				]
			],
			"color": "#0000FF"
		},
		{
			"id": "KJFK.22L.Dep",
			"coords": [
				[
					-73.75489807128906,
					40.645198822021484,
					0
				],
				[
					-73.77030181884766,
					40.62540054321289,
					0
				],
				[
					-73.8820833,
					40.4819435,
					1000
				]
			],
			"color": "#FF0000"
		},
		{
			"id": "KJFK.13L.Arr",
			"coords": [
				[
					-73.9785176,
					40.7436387,
					1000
				],
				[
					-73.790199,
					40.657799,
					0
				],
				[
					-73.7593,
					40.6437,
					0
				]
			],
			"color": "#0000FF"
		},
		{
			"id": "KJFK.13L.Dep",
			"coords": [
				[
					-73.790199,
					40.657799,
					0
				],
				[
					-73.7593,
					40.6437,
					0
				],
				[
					-73.5710212,
					40.5578603,
					1000
				]
			],
			"color": "#FF0000"
		},
		{
			"id": "KJFK.31R.Arr",
			"coords": [
				[
					-73.5710212,
					40.5578603,
					1000
				],
				[
					-73.7593,
					40.6437,
					0
				],
				[
					-73.790199,
					40.657799,
					0
				]
			],
			"color": "#0000FF"
		},
		{
			"id": "KJFK.31R.Dep",
			"coords": [
				[
					-73.7593,
					40.6437,
					0
				],
				[
					-73.790199,
					40.657799,
					0
				],
				[
					-73.9785176,
					40.7436387,
					1000
				]
			],
			"color": "#FF0000"
		},
		{
			"id": "KJFK.13R.Arr",
			"coords": [
				[
					-74.0049961,
					40.7342387,
					1000
				],
				[
					-73.816704,
					40.648399,
					0
				],
				[
					-73.771599,
					40.627899,
					0
				]
			],
			"color": "#0000FF"
		},
		{
			"id": "KJFK.13R.Dep",
			"coords": [
				[
					-73.816704,
					40.648399,
					0
				],
				[
					-73.771599,
					40.627899,
					0
				],
				[
					-73.5833647,
					40.5420593,
					1000
				]
			],
			"color": "#FF0000"
		},
		{
			"id": "KJFK.31L.Arr",
			"coords": [
				[
					-73.5833647,
					40.5420593,
					1000
				],
				[
					-73.771599,
					40.627899,
					0
				],
				[
					-73.816704,
					40.648399,
					0
				]
			],
			"color": "#0000FF"
		},
		{
			"id": "KJFK.31L.Dep",
			"coords": [
				[
					-73.771599,
					40.627899,
					0
				],
				[
					-73.816704,
					40.648399,
					0
				],
				[
					-74.0049961,
					40.7342387,
					1000
				]
			],
			"color": "#FF0000"
		},
		{
			"id": "KLGA.04.Arr",
			"coords": [
				[
					-74.0007194,
					40.627858,
					1000
				],
				[
					-73.88410187,
					40.76919937,
					0
				],
				[
					-73.87069702,
					40.78540039,
					0
				]
			],
			"color": "#0000FF"
		},
		{
			"id": "KLGA.04.Dep",
			"coords": [
				[
					-73.88410187,
					40.76919937,
					0
				],
				[
					-73.87069702,
					40.78540039,
					0
				],
				[
					-73.754051,
					40.9267417,
					1000
				]
			],
			"color": "#FF0000"
		},
		{
			"id": "KLGA.22.Arr",
			"coords": [
				[
					-73.754051,
					40.9267417,
					1000
				],
				[
					-73.87069702,
					40.78540039,
					0
				],
				[
					-73.88410187,
					40.76919937,
					0
				]
			],
			"color": "#0000FF"
		},
		{
			"id": "KLGA.22.Dep",
			"coords": [
				[
					-73.87069702,
					40.78540039,
					0
				],
				[
					-73.88410187,
					40.76919937,
					0
				],
				[
					-74.0007194,
					40.627858,
					1000
				]
			],
			"color": "#FF0000"
		},
		{
			"id": "KLGA.13.Arr",
			"coords": [
				[
					-74.0651658,
					40.8706189,
					1000
				],
				[
					-73.87850189,
					40.78229904,
					0
				],
				[
					-73.85710144,
					40.77209854,
					0
				]
			],
			"color": "#0000FF"
		},
		{
			"id": "KLGA.13.Dep",
			"coords": [
				[
					-73.87850189,
					40.78229904,
					0
				],
				[
					-73.85710144,
					40.77209854,
					0
				],
				[
					-73.6704662,
					40.6837787,
					1000
				]
			],
			"color": "#FF0000"
		},
		{
			"id": "KLGA.31.Arr",
			"coords": [
				[
					-73.6704662,
					40.6837787,
					1000
				],
				[
					-73.85710144,
					40.77209854,
					0
				],
				[
					-73.87850189,
					40.78229904,
					0
				]
			],
			"color": "#0000FF"
		},
		{
			"id": "KLGA.31.Dep",
			"coords": [
				[
					-73.85710144,
					40.77209854,
					0
				],
				[
					-73.87850189,
					40.78229904,
					0
				],
				[
					-74.0651658,
					40.8706189,
					1000
				]
			],
			"color": "#FF0000"
		},
		{
			"id": "KHPN.16.Arr",
			"coords": [
				[
					-73.743,
					41.06,
					1000
				],
				[
					-73.724,
					41.021,
					200
				],
				[
					-73.705,
					40.982,
					0
				]
			],
			"color": "#0000FF"
		},
		{
			"id": "KHPN.16.Dep",
			"coords": [
				[
					-73.705,
					40.982,
					0
				],
				[
					-73.707,
					40.967,
					0
				],
				[
					-73.672,
					40.874,
					1000
				]
			],
			"color": "#FF0000"
		},
		{
			"id": "KHPN.34.Arr",
			"coords": [
				[
					-73.672,
					40.874,
					1000
				],
				[
					-73.691,
					40.913,
					200
				],
				[
					-73.71,
					40.952,
					0
				]
			],
			"color": "#0000FF"
		},
		{
			"id": "KHPN.34.Dep",
			"coords": [
				[
					-73.71,
					40.952,
					0
				],
				[
					-73.707,
					40.967,
					0
				],
				[
					-73.743,
					41.06,
					1000
				]
			],
			"color": "#FF0000"
		},
		{
			"id": "KHPN.11.Arr",
			"coords": [
				[
					-73.798,
					40.993,
					1000
				],
				[
					-73.745,
					40.979,
					200
				],
				[
					-73.694,
					40.965,
					0
				]
			],
			"color": "#0000FF"
		},
		{
			"id": "KHPN.11.Dep",
			"coords": [
				[
					-73.721,
					40.97,
					0
				],
				[
					-73.707,
					40.967,
					0
				],
				[
					-73.59,
					40.937,
					1000
				]
			],
			"color": "#FF0000"
		},
		{
			"id": "KHPN.29.Arr",
			"coords": [
				[
					-73.617,
					40.942,
					1000
				],
				[
					-73.668,
					40.956,
					200
				],
				[
					-73.721,
					40.97,
					0
				]
			],
			"color": "#0000FF"
		},
		{
			"id": "KHPN.29.Dep",
			"coords": [
				[
					-73.694,
					40.965,
					0
				],
				[
					-73.707,
					40.967,
					0
				],
				[
					-73.798,
					40.993,
					1000
				]
			],
			"color": "#FF0000"
		},
		{
			"id": "KISP.06.Arr",
			"coords": [
				[
					-73.205,
					40.744,
					1000
				],
				[
					-73.157,
					40.765,
					200
				],
				[
					-73.11,
					40.786,
					0
				]
			],
			"color": "#0000FF"
		},
		{
			"id": "KISP.06.Dep",
			"coords": [
				[
					-73.11,
					40.786,
					0
				],
				[
					-73.1,
					40.795,
					0
				],
				[
					-72.996,
					40.846,
					1000
				]
			],
			"color": "#FF0000"
		},
		{
			"id": "KISP.24.Arr",
			"coords": [
				[
					-72.996,
					40.846,
					1000
				],
				[
					-73.044,
					40.825,
					200
				],
				[
					-73.091,
					40.804,
					0
				]
			],
			"color": "#0000FF"
		},
		{
			"id": "KISP.24.Dep",
			"coords": [
				[
					-73.091,
					40.804,
					0
				],
				[
					-73.101,
					40.795,
					0
				],
				[
					-73.205,
					40.744,
					1000
				]
			],
			"color": "#FF0000"
		},
		{
			"id": "KISP.15R.Arr",
			"coords": [
				[
					-73.152,
					40.847,
					1000
				],
				[
					-73.124,
					40.811,
					200
				],
				[
					-73.097,
					40.775,
					0
				]
			],
			"color": "#0000FF"
		},
		{
			"id": "KISP.15R.Dep",
			"coords": [
				[
					-73.104,
					40.815,
					0
				],
				[
					-73.101,
					40.795,
					0
				],
				[
					-73.042,
					40.703,
					1000
				]
			],
			"color": "#FF0000"
		},
		{
			"id": "KISP.33L.Arr",
			"coords": [
				[
					-73.049,
					40.743,
					1000
				],
				[
					-73.076,
					40.779,
					200
				],
				[
					-73.104,
					40.815,
					0
				]
			],
			"color": "#0000FF"
		},
		{
			"id": "KISP.33L.Dep",
			"coords": [
				[
					-73.097,
					40.775,
					0
				],
				[
					-73.101,
					40.795,
					0
				],
				[
					-73.152,
					40.847,
					1000
				]
			],
			"color": "#FF0000"
		}
	],
	"railways": [
		{
			"id": "MTA.Subway.A",
			"sublines": [
				{
					"type": "main",
					"coords": [
						[
							-73.825798,
							40.685951
						],
						[
							-73.828374,
							40.685666
						],
						[
							-73.828442,
							40.685658
						],
						[
							-73.828508,
							40.685649
						],
						[
							-73.828573,
							40.685639
						],
						[
							-73.828637,
							40.685629
						],
						[
							-73.828699,
							40.685618
						],
						[
							-73.828759,
							40.685607
						],
						[
							-73.828819,
							40.685594
						],
						[
							-73.828877,
							40.685581
						],
						[
							-73.828933,
							40.685568
						],
						[
							-73.828989,
							40.685554
						],
						[
							-73.829043,
							40.685539
						],
						[
							-73.829095,
							40.685523
						],
						[
							-73.829146,
							40.685507
						],
						[
							-73.829196,
							40.68549
						],
						[
							-73.829244,
							40.685473
						],
						[
							-73.832163,
							40.684331
						],
						[
							-73.833227,
							40.683908
						],
						[
							-73.833288,
							40.683885
						],
						[
							-73.833349,
							40.683861
						],
						[
							-73.833411,
							40.683836
						],
						[
							-73.833473,
							40.68381
						],
						[
							-73.833537,
							40.683784
						],
						[
							-73.833601,
							40.683757
						],
						[
							-73.833665,
							40.683729
						],
						[
							-73.833731,
							40.683701
						],
						[
							-73.833797,
							40.683671
						],
						[
							-73.833863,
							40.683641
						],
						[
							-73.833931,
							40.68361
						],
						[
							-73.833999,
							40.683579
						],
						[
							-73.834068,
							40.683546
						],
						[
							-73.834137,
							40.683513
						],
						[
							-73.834207,
							40.683479
						],
						[
							-73.836319,
							40.682328
						],
						[
							-73.836406,
							40.68228
						],
						[
							-73.836494,
							40.682233
						],
						[
							-73.836583,
							40.682187
						],
						[
							-73.836672,
							40.682142
						],
						[
							-73.836761,
							40.682098
						],
						[
							-73.836851,
							40.682055
						],
						[
							-73.836942,
							40.682013
						],
						[
							-73.837033,
							40.681972
						],
						[
							-73.837124,
							40.681931
						],
						[
							-73.837216,
							40.681892
						],
						[
							-73.837309,
							40.681854
						],
						[
							-73.837402,
							40.681817
						],
						[
							-73.837495,
							40.681781
						],
						[
							-73.837589,
							40.681745
						],
						[
							-73.837683,
							40.681711
						],
						[
							-73.837753,
							40.681686
						],
						[
							-73.837824,
							40.681662
						],
						[
							-73.837895,
							40.681639
						],
						[
							-73.837967,
							40.681616
						],
						[
							-73.83804,
							40.681594
						],
						[
							-73.838113,
							40.681572
						],
						[
							-73.838187,
							40.681551
						],
						[
							-73.838261,
							40.681531
						],
						[
							-73.838337,
							40.681511
						],
						[
							-73.838412,
							40.681492
						],
						[
							-73.838489,
							40.681474
						],
						[
							-73.838566,
							40.681456
						],
						[
							-73.838644,
							40.681439
						],
						[
							-73.838722,
							40.681422
						],
						[
							-73.838801,
							40.681406
						],
						[
							-73.841687,
							40.680843
						],
						[
							-73.843853,
							40.680429
						],
						[
							-73.844224,
							40.680357
						],
						[
							-73.844289,
							40.680345
						],
						[
							-73.844356,
							40.680333
						],
						[
							-73.844422,
							40.680322
						],
						[
							-73.84449,
							40.680312
						],
						[
							-73.844557,
							40.680302
						],
						[
							-73.844626,
							40.680292
						],
						[
							-73.844695,
							40.680283
						],
						[
							-73.844765,
							40.680275
						],
						[
							-73.844835,
							40.680267
						],
						[
							-73.844906,
							40.680259
						],
						[
							-73.844978,
							40.680252
						],
						[
							-73.84505,
							40.680246
						],
						[
							-73.845123,
							40.68024
						],
						[
							-73.845197,
							40.680234
						],
						[
							-73.845271,
							40.680229
						],
						[
							-73.85147,
							40.679843
						],
						[
							-73.858992,
							40.679371
						],
						[
							-73.860342,
							40.679287
						],
						[
							-73.860372,
							40.679285
						],
						[
							-73.860402,
							40.679283
						],
						[
							-73.860432,
							40.679281
						],
						[
							-73.860462,
							40.679278
						],
						[
							-73.860492,
							40.679275
						],
						[
							-73.860522,
							40.679271
						],
						[
							-73.860552,
							40.679267
						],
						[
							-73.860582,
							40.679263
						],
						[
							-73.860612,
							40.679258
						],
						[
							-73.860642,
							40.679253
						],
						[
							-73.860673,
							40.679248
						],
						[
							-73.860703,
							40.679242
						],
						[
							-73.860733,
							40.679236
						],
						[
							-73.860764,
							40.67923
						],
						[
							-73.860794,
							40.679223
						],
						[
							-73.861871,
							40.678935
						],
						[
							-73.861947,
							40.678912
						],
						[
							-73.862023,
							40.678888
						],
						[
							-73.862097,
							40.678862
						],
						[
							-73.862171,
							40.678836
						],
						[
							-73.862244,
							40.678808
						],
						[
							-73.862315,
							40.678779
						],
						[
							-73.862386,
							40.678749
						],
						[
							-73.862456,
							40.678718
						],
						[
							-73.862525,
							40.678686
						],
						[
							-73.862592,
							40.678653
						],
						[
							-73.862659,
							40.678618
						],
						[
							-73.862725,
							40.678583
						],
						[
							-73.86279,
							40.678546
						],
						[
							-73.862854,
							40.678508
						],
						[
							-73.862917,
							40.678469
						],
						[
							-73.86505,
							40.677044
						],
						[
							-73.865742,
							40.676558
						],
						[
							-73.865795,
							40.676522
						],
						[
							-73.86585,
							40.676487
						],
						[
							-73.865905,
							40.676454
						],
						[
							-73.865961,
							40.676422
						],
						[
							-73.866018,
							40.676392
						],
						[
							-73.866076,
							40.676363
						],
						[
							-73.866134,
							40.676335
						],
						[
							-73.866194,
							40.676309
						],
						[
							-73.866254,
							40.676284
						],
						[
							-73.866316,
							40.676261
						],
						[
							-73.866378,
							40.676239
						],
						[
							-73.866441,
							40.676218
						],
						[
							-73.866505,
							40.676199
						],
						[
							-73.86657,
							40.676181
						],
						[
							-73.866636,
							40.676166
						],
						[
							-73.872106,
							40.675377
						],
						[
							-73.88075,
							40.67413
						]
					]
				}
			]
		},
		{
			"id": "MTA.Subway.C",
			"sublines": [
				{
					"type": "main",
					"coords": [
						[
							-73.872106,
							40.675377
						],
						[
							-73.88075,
							40.67413
						],
						[
							-73.890358,
							40.67271
						],
						[
							-73.89383,
							40.672196
						],
						[
							-73.894094,
							40.672159
						],
						[
							-73.89434,
							40.67214
						],
						[
							-73.894572,
							40.672138
						],
						[
							-73.89479,
							40.672154
						],
						[
							-73.894994,
							40.672186
						],
						[
							-73.895184,
							40.672236
						],
						[
							-73.89536,
							40.672302
						],
						[
							-73.895522,
							40.672386
						],
						[
							-73.895671,
							40.672487
						],
						[
							-73.895805,
							40.672605
						],
						[
							-73.895925,
							40.672739
						],
						[
							-73.896032,
							40.672891
						],
						[
							-73.896124,
							40.673061
						],
						[
							-73.896202,
							40.673247
						],
						[
							-73.896264,
							40.673448
						],
						[
							-73.896548,
							40.674542
						],
						[
							-73.897088,
							40.676653
						],
						[
							-73.897162,
							40.676834
						],
						[
							-73.897255,
							40.677001
						],
						[
							-73.897365,
							40.677156
						],
						[
							-73.897492,
							40.677299
						],
						[
							-73.897637,
							40.67743
						],
						[
							-73.897799,
							40.677549
						],
						[
							-73.897979,
							40.677657
						],
						[
							-73.898176,
							40.677752
						],
						[
							-73.89839,
							40.677836
						],
						[
							-73.898621,
							40.677908
						],
						[
							-73.89887,
							40.677969
						],
						[
							-73.899135,
							40.678017
						],
						[
							-73.899419,
							40.678054
						],
						[
							-73.899719,
							40.678079
						],
						[
							-73.900033,
							40.678093
						],
						[
							-73.900444,
							40.678112
						],
						[
							-73.900494,
							40.678114
						],
						[
							-73.900543,
							40.678117
						],
						[
							-73.900593,
							40.67812
						],
						[
							-73.900641,
							40.678123
						],
						[
							-73.90069,
							40.678126
						],
						[
							-73.900738,
							40.67813
						],
						[
							-73.900785,
							40.678134
						],
						[
							-73.900833,
							40.678138
						],
						[
							-73.900879,
							40.678142
						],
						[
							-73.900926,
							40.678147
						],
						[
							-73.900972,
							40.678152
						],
						[
							-73.901017,
							40.678157
						],
						[
							-73.901063,
							40.678162
						],
						[
							-73.901108,
							40.678168
						],
						[
							-73.901152,
							40.678174
						],
						[
							-73.902619,
							40.678361
						],
						[
							-73.902668,
							40.678365
						],
						[
							-73.902717,
							40.678369
						],
						[
							-73.902767,
							40.678373
						],
						[
							-73.902816,
							40.678376
						],
						[
							-73.902866,
							40.678379
						],
						[
							-73.902915,
							40.678382
						],
						[
							-73.902965,
							40.678384
						],
						[
							-73.903015,
							40.678386
						],
						[
							-73.903065,
							40.678388
						],
						[
							-73.903115,
							40.678389
						],
						[
							-73.903165,
							40.67839
						],
						[
							-73.903215,
							40.67839
						],
						[
							-73.903266,
							40.678391
						],
						[
							-73.903316,
							40.67839
						],
						[
							-73.903367,
							40.67839
						],
						[
							-73.905316,
							40.678334
						],
						[
							-73.907997,
							40.678227
						],
						[
							-73.908133,
							40.678221
						],
						[
							-73.90827,
							40.678217
						],
						[
							-73.908405,
							40.678213
						],
						[
							-73.908539,
							40.678211
						],
						[
							-73.908673,
							40.678209
						],
						[
							-73.908805,
							40.678207
						],
						[
							-73.908936,
							40.678207
						],
						[
							-73.909066,
							40.678207
						],
						[
							-73.909195,
							40.678208
						],
						[
							-73.909323,
							40.67821
						],
						[
							-73.909449,
							40.678213
						],
						[
							-73.909575,
							40.678216
						],
						[
							-73.9097,
							40.67822
						],
						[
							-73.909823,
							40.678225
						],
						[
							-73.909946,
							40.678231
						],
						[
							-73.911946,
							40.67834
						],
						[
							-73.920786,
							40.678822
						],
						[
							-73.930729,
							40.679364
						],
						[
							-73.940858,
							40.679921
						],
						[
							-73.950426,
							40.680438
						],
						[
							-73.952338,
							40.680543
						],
						[
							-73.952432,
							40.680548
						],
						[
							-73.952527,
							40.680554
						],
						[
							-73.952624,
							40.680561
						],
						[
							-73.952721,
							40.68057
						],
						[
							-73.952821,
							40.68058
						],
						[
							-73.952921,
							40.680591
						],
						[
							-73.953023,
							40.680604
						],
						[
							-73.953127,
							40.680618
						],
						[
							-73.953232,
							40.680634
						],
						[
							-73.953339,
							40.680651
						],
						[
							-73.953447,
							40.680669
						],
						[
							-73.953556,
							40.680689
						],
						[
							-73.953667,
							40.68071
						],
						[
							-73.953779,
							40.680733
						],
						[
							-73.953893,
							40.680757
						],
						[
							-73.956848,
							40.68138
						],
						[
							-73.965838,
							40.683263
						],
						[
							-73.96743,
							40.683595
						],
						[
							-73.967499,
							40.683608
						],
						[
							-73.967566,
							40.683624
						],
						[
							-73.967634,
							40.68364
						],
						[
							-73.967701,
							40.683657
						],
						[
							-73.967769,
							40.683675
						],
						[
							-73.967837,
							40.683694
						],
						[
							-73.967904,
							40.683715
						],
						[
							-73.967972,
							40.683736
						],
						[
							-73.968039,
							40.683758
						],
						[
							-73.968107,
							40.683781
						],
						[
							-73.968175,
							40.683805
						],
						[
							-73.968242,
							40.68383
						],
						[
							-73.96831,
							40.683856
						],
						[
							-73.968377,
							40.683883
						],
						[
							-73.968445,
							40.683911
						],
						[
							-73.973946,
							40.686113
						],
						[
							-73.975438,
							40.68672
						],
						[
							-73.97553,
							40.686754
						],
						[
							-73.975621,
							40.686786
						],
						[
							-73.975711,
							40.686815
						],
						[
							-73.975803,
							40.686842
						],
						[
							-73.975894,
							40.686866
						],
						[
							-73.975986,
							40.686888
						],
						[
							-73.976078,
							40.686907
						],
						[
							-73.97617,
							40.686924
						],
						[
							-73.976263,
							40.686938
						],
						[
							-73.976356,
							40.68695
						],
						[
							-73.976449,
							40.68696
						],
						[
							-73.976543,
							40.686966
						],
						[
							-73.976637,
							40.686971
						],
						[
							-73.976731,
							40.686973
						],
						[
							-73.976828,
							40.686971
						],
						[
							-73.978621,
							40.686762
						],
						[
							-73.978751,
							40.686747
						],
						[
							-73.978877,
							40.686735
						],
						[
							-73.979002,
							40.686726
						],
						[
							-73.979124,
							40.686721
						],
						[
							-73.979245,
							40.686718
						],
						[
							-73.979363,
							40.686718
						],
						[
							-73.97948,
							40.68672
						],
						[
							-73.979594,
							40.686726
						],
						[
							-73.979706,
							40.686735
						],
						[
							-73.979816,
							40.686747
						],
						[
							-73.979924,
							40.686762
						],
						[
							-73.98003,
							40.686779
						],
						[
							-73.980134,
							40.6868
						],
						[
							-73.980236,
							40.686823
						],
						[
							-73.980336,
							40.686851
						],
						[
							-73.980738,
							40.686969
						],
						[
							-73.980774,
							40.686977
						],
						[
							-73.98081,
							40.686986
						],
						[
							-73.980847,
							40.686995
						],
						[
							-73.980884,
							40.687004
						],
						[
							-73.980921,
							40.687014
						],
						[
							-73.980958,
							40.687025
						],
						[
							-73.980996,
							40.687036
						],
						[
							-73.981034,
							40.687048
						],
						[
							-73.981072,
							40.68706
						],
						[
							-73.98111,
							40.687073
						],
						[
							-73.981149,
							40.687086
						],
						[
							-73.981188,
							40.6871
						],
						[
							-73.981227,
							40.687114
						],
						[
							-73.981266,
							40.687129
						],
						[
							-73.981306,
							40.687144
						],
						[
							-73.981883,
							40.68735
						],
						[
							-73.981953,
							40.687376
						],
						[
							-73.982022,
							40.687403
						],
						[
							-73.982091,
							40.687429
						],
						[
							-73.98216,
							40.687455
						],
						[
							-73.982229,
							40.68748
						],
						[
							-73.982299,
							40.687505
						],
						[
							-73.982368,
							40.687531
						],
						[
							-73.982438,
							40.687555
						],
						[
							-73.982508,
							40.68758
						],
						[
							-73.982578,
							40.687604
						],
						[
							-73.982648,
							40.687629
						],
						[
							-73.982718,
							40.687653
						],
						[
							-73.982789,
							40.687676
						],
						[
							-73.982859,
							40.6877
						],
						[
							-73.98293,
							40.687723
						],
						[
							-73.983005,
							40.687747
						],
						[
							-73.98308,
							40.687771
						],
						[
							-73.983155,
							40.687795
						],
						[
							-73.983229,
							40.68782
						],
						[
							-73.983304,
							40.687845
						],
						[
							-73.983379,
							40.68787
						],
						[
							-73.983454,
							40.687896
						],
						[
							-73.983528,
							40.687922
						],
						[
							-73.983603,
							40.687948
						],
						[
							-73.983678,
							40.687975
						],
						[
							-73.983752,
							40.688002
						],
						[
							-73.983827,
							40.688029
						],
						[
							-73.983901,
							40.688056
						],
						[
							-73.983976,
							40.688084
						],
						[
							-73.98405,
							40.688112
						],
						[
							-73.985001,
							40.688484
						],
						[
							-73.987376,
							40.689409
						],
						[
							-73.987486,
							40.689472
						],
						[
							-73.987586,
							40.68954
						],
						[
							-73.987672,
							40.68961
						],
						[
							-73.987747,
							40.689684
						],
						[
							-73.987809,
							40.689761
						],
						[
							-73.987858,
							40.689841
						],
						[
							-73.987895,
							40.689924
						],
						[
							-73.98792,
							40.690011
						],
						[
							-73.987932,
							40.6901
						],
						[
							-73.987931,
							40.690192
						],
						[
							-73.987918,
							40.690288
						],
						[
							-73.987892,
							40.690387
						],
						[
							-73.987854,
							40.690489
						],
						[
							-73.987803,
							40.690594
						],
						[
							-73.987738,
							40.690701
						],
						[
							-73.987582,
							40.690945
						],
						[
							-73.987556,
							40.690993
						],
						[
							-73.987532,
							40.691041
						],
						[
							-73.987509,
							40.691089
						],
						[
							-73.987488,
							40.691138
						],
						[
							-73.987469,
							40.691187
						],
						[
							-73.987452,
							40.691236
						],
						[
							-73.987437,
							40.691286
						],
						[
							-73.987423,
							40.691336
						],
						[
							-73.987412,
							40.691386
						],
						[
							-73.987402,
							40.691437
						],
						[
							-73.987394,
							40.691488
						],
						[
							-73.987387,
							40.691539
						],
						[
							-73.987383,
							40.691591
						],
						[
							-73.98738,
							40.691643
						],
						[
							-73.987379,
							40.691695
						],
						[
							-73.987343,
							40.692332
						],
						[
							-73.987342,
							40.692338
						],
						[
							-73.987343,
							40.692346
						],
						[
							-73.987277,
							40.693682
						],
						[
							-73.987276,
							40.693715
						],
						[
							-73.987273,
							40.693748
						],
						[
							-73.987271,
							40.693782
						],
						[
							-73.987268,
							40.693816
						],
						[
							-73.987265,
							40.69385
						],
						[
							-73.987262,
							40.693884
						],
						[
							-73.987259,
							40.693919
						],
						[
							-73.987255,
							40.693953
						],
						[
							-73.987252,
							40.693988
						],
						[
							-73.987248,
							40.694024
						],
						[
							-73.987244,
							40.694059
						],
						[
							-73.98724,
							40.694095
						],
						[
							-73.987235,
							40.694131
						],
						[
							-73.987231,
							40.694167
						],
						[
							-73.987226,
							40.694204
						],
						[
							-73.987211,
							40.694334
						],
						[
							-73.987206,
							40.694364
						],
						[
							-73.987202,
							40.694394
						],
						[
							-73.987198,
							40.694424
						],
						[
							-73.987194,
							40.694455
						],
						[
							-73.987191,
							40.694487
						],
						[
							-73.987187,
							40.694519
						],
						[
							-73.987184,
							40.694551
						],
						[
							-73.987182,
							40.694585
						],
						[
							-73.987179,
							40.694618
						],
						[
							-73.987177,
							40.694652
						],
						[
							-73.987175,
							40.694687
						],
						[
							-73.987173,
							40.694722
						],
						[
							-73.987172,
							40.694758
						],
						[
							-73.987171,
							40.694794
						],
						[
							-73.98717,
							40.694832
						],
						[
							-73.987036,
							40.697395
						],
						[
							-73.987053,
							40.697629
						],
						[
							-73.98709,
							40.697848
						],
						[
							-73.987146,
							40.698052
						],
						[
							-73.987221,
							40.69824
						],
						[
							-73.987316,
							40.698413
						],
						[
							-73.987429,
							40.69857
						],
						[
							-73.987562,
							40.698713
						],
						[
							-73.987713,
							40.69884
						],
						[
							-73.987884,
							40.698951
						],
						[
							-73.988074,
							40.699047
						],
						[
							-73.988283,
							40.699128
						],
						[
							-73.988511,
							40.699194
						],
						[
							-73.988758,
							40.699244
						],
						[
							-73.989025,
							40.699279
						],
						[
							-73.989309,
							40.6993
						],
						[
							-73.990531,
							40.699337
						],
						[
							-73.991305,
							40.699368
						],
						[
							-73.991423,
							40.699375
						],
						[
							-73.991539,
							40.699382
						],
						[
							-73.991654,
							40.699391
						],
						[
							-73.991768,
							40.699402
						],
						[
							-73.99188,
							40.699414
						],
						[
							-73.991991,
							40.699428
						],
						[
							-73.992101,
							40.699444
						],
						[
							-73.992209,
							40.699461
						],
						[
							-73.992316,
							40.69948
						],
						[
							-73.992422,
							40.6995
						],
						[
							-73.992527,
							40.699523
						],
						[
							-73.99263,
							40.699546
						],
						[
							-73.992732,
							40.699572
						],
						[
							-73.992833,
							40.699599
						],
						[
							-73.992931,
							40.699629
						],
						[
							-73.996206,
							40.700539
						],
						[
							-73.996623,
							40.700676
						],
						[
							-73.99703,
							40.700823
						],
						[
							-73.997422,
							40.700978
						],
						[
							-73.9978,
							40.701141
						],
						[
							-73.998162,
							40.701312
						],
						[
							-73.998509,
							40.701491
						],
						[
							-73.998841,
							40.701679
						],
						[
							-73.999159,
							40.701875
						],
						[
							-73.999461,
							40.702079
						],
						[
							-73.999749,
							40.702291
						],
						[
							-74.000021,
							40.702511
						],
						[
							-74.000279,
							40.70274
						],
						[
							-74.000522,
							40.702976
						],
						[
							-74.000749,
							40.703221
						],
						[
							-74.000966,
							40.703473
						],
						[
							-74.004845,
							40.708461
						],
						[
							-74.004894,
							40.708525
						],
						[
							-74.004947,
							40.708589
						],
						[
							-74.005002,
							40.708651
						],
						[
							-74.005061,
							40.708712
						],
						[
							-74.005122,
							40.708771
						],
						[
							-74.005187,
							40.70883
						],
						[
							-74.005254,
							40.708886
						],
						[
							-74.005325,
							40.708941
						],
						[
							-74.005398,
							40.708995
						],
						[
							-74.005475,
							40.709048
						],
						[
							-74.005554,
							40.709099
						],
						[
							-74.005637,
							40.709148
						],
						[
							-74.005722,
							40.709197
						],
						[
							-74.005811,
							40.709244
						],
						[
							-74.0059,
							40.709287
						],
						[
							-74.007691,
							40.710197
						],
						[
							-74.009737,
							40.711226
						],
						[
							-74.009837,
							40.711291
						],
						[
							-74.009924,
							40.711358
						],
						[
							-74.009999,
							40.711427
						],
						[
							-74.010062,
							40.711498
						],
						[
							-74.010112,
							40.711571
						],
						[
							-74.010149,
							40.711645
						],
						[
							-74.010174,
							40.711722
						],
						[
							-74.010187,
							40.711801
						],
						[
							-74.010187,
							40.711881
						],
						[
							-74.010175,
							40.711963
						],
						[
							-74.01015,
							40.712048
						],
						[
							-74.010113,
							40.712134
						],
						[
							-74.010063,
							40.712222
						],
						[
							-74.010001,
							40.712312
						],
						[
							-74.009926,
							40.712405
						],
						[
							-74.008585,
							40.714111
						],
						[
							-74.005494,
							40.718039
						],
						[
							-74.005447,
							40.718106
						],
						[
							-74.005404,
							40.718174
						],
						[
							-74.005365,
							40.718242
						],
						[
							-74.005329,
							40.71831
						],
						[
							-74.005297,
							40.718379
						],
						[
							-74.005268,
							40.718449
						],
						[
							-74.005243,
							40.718519
						],
						[
							-74.005222,
							40.718589
						],
						[
							-74.005203,
							40.71866
						],
						[
							-74.005189,
							40.718732
						],
						[
							-74.005178,
							40.718804
						],
						[
							-74.00517,
							40.718876
						],
						[
							-74.005166,
							40.718949
						],
						[
							-74.005164,
							40.719022
						],
						[
							-74.005166,
							40.719096
						],
						[
							-74.00523,
							40.720785
						],
						[
							-74.005229,
							40.720824
						],
						[
							-74.005294,
							40.721758
						],
						[
							-74.005299,
							40.721824
						],
						[
							-74.005302,
							40.721889
						],
						[
							-74.005304,
							40.721953
						],
						[
							-74.005304,
							40.722016
						],
						[
							-74.005302,
							40.722078
						],
						[
							-74.005299,
							40.72214
						],
						[
							-74.005293,
							40.722201
						],
						[
							-74.005286,
							40.722261
						],
						[
							-74.005278,
							40.72232
						],
						[
							-74.005267,
							40.722379
						],
						[
							-74.005255,
